
340
340
340
340
340
315
315
315
365
365
365
385
385
385
385
360
360
360
335
335
335
335
435
435
435
435
435
400
400
400
400
400
350
350
315
315
305
305
305
305
305
305
335
310
310
335
430
430
400
400
310
430
430
430
455
455
420
420
420
420
285
335
335
285
335
400
400
400
420
420
420
420
420
405
365
365
365
365
365
365
370
315
315
350
350
350
335
335
335
305
305
305
305
305
255
255
335
335
335
335
335
345
345
345
345
345
345
345
345
345
345
345
305
305
305
305
355
355
355
355
355
305
305
355
355
355
335
335
335
335
335
335
335
335
335
365
365
365
335
335
335
335
335
335
305
305
305
305
305
305
305
305
305
305
305
335
335
335
335
335
365
365
365
365
365
365
365
365
345
345
345
345
425
425
425
425
425
425
425
425
425
425
405
405
405
405
405
405
405
390
390
390
390
390
390
390
390
390
390
390
390
390
390
390
390
390
390
390
390
390
390
390
390
390
390
390
390
415
415
415
415
415
415
415
415
415
415
415
415
415
415
415
415
415
415
415
415
415
415
415
